0.523659 166 151 ani
0.548148 148 122 napøíklad
0.556373 227 181 u¾
0.571429 4 3 zrovna
0.578947 11 8 jedinì
0.596154 62 42 hlavnì
0.600000 3 2 jakoby
0.600000 6 4 v
0.600000 6 4 nejenom
0.600000 12 8 maximálnì
0.600575 209 139 je¹tì
0.601266 95 63 tøeba
0.604048 1373 900 i
0.609756 200 128 zejména
0.611111 55 35 teprve
0.611111 66 42 hned
0.613260 222 140 pøedev¹ím
0.613636 27 17 nejménì
0.614286 43 27 zvlá¹tì
0.615385 24 15 pøibli¾nì
0.620690 252 154 ji¾
0.632000 158 92 právì
0.644737 49 27 ne
0.651685 116 62 nejen
0.657143 23 12 nikoli
0.666667 2 1 toliko
0.666667 2 1 na
0.666667 4 2 takøka
0.666667 46 23 dokonce
0.680328 83 39 pøímo
0.684729 278 128 pouze
0.691223 441 197 jen
0.692810 106 47 asi
0.694686 719 316 a¾
0.708333 51 21 alespoò
0.712121 47 19 zhruba
0.714286 10 4 aspoò
0.722222 13 5 pøinejmen¹ím
0.736842 42 15 témìø
0.740741 20 7 minimálnì
0.742857 26 9 nikoliv
0.750000 3 1 bezmála
0.800000 28 7 jenom
0.900000 9 1 skoro
1.000000 2 0 do
1.000000 2 0 mírnì
1.000000 3 0 za
1.000000 52 0 napø
